# Created by Octave 6.4.0, Mon Nov 15 21:11:18 2021 -03 <simon@simon-notebook>
# name: tabla_pendientes
# type: matrix
# rows: 100
# columns: 2
 1 12
 0.98483113967962466 11.91919191919192
 0.96982960922354855 11.838383838383839
 0.95499540863177235 11.757575757575758
 0.94032853790429538 11.676767676767675
 0.92582899704111832 11.595959595959599
 0.91149678604224071 11.515151515151517
 0.89733190490766257 11.434343434343434
 0.883334353637384 11.353535353535355
 0.86950413223140499 11.272727272727275
 0.85584124068972556 11.191919191919192
 0.84234567901234558 11.111111111111111
 0.8290174471992654 11.030303030303029
 0.81585654525048468 10.94949494949495
 0.80286297316600341 10.868686868686869
 0.79003673094582194 10.787878787878789
 0.77737781858993982 10.707070707070708
 0.76488623609835737 10.626262626262626
 0.75256198347107428 10.545454545454543
 0.74040506070809098 10.464646464646465
 0.72841546780940725 10.383838383838384
 0.71659320477502297 10.303030303030301
 0.70493827160493827 10.222222222222221
 0.69345066829915303 10.141414141414142
 0.68213039485766747 10.060606060606061
 0.67097745128048158 9.9797979797979792
 0.65999183756759505 9.8989898989898997
 0.64917355371900842 9.8181818181818201
 0.63852259973472081 9.737373737373737
 0.62803897561473321 9.6565656565656575
 0.61772268135904518 9.5757575757575761
 0.60757371696765639 9.4949494949494948
 0.59759208244056716 9.4141414141414135
 0.58777777777777773 9.3333333333333339
 0.57813080297928787 9.2525252525252526
 0.56865115804509736 9.1717171717171695
 0.55933884297520653 9.0909090909090899
 0.55019385776961538 9.0101010101010104
 0.54121620242832358 8.9292929292929291
 0.53240587695133146 8.8484848484848477
 0.52376288133863891 8.7676767676767664
 0.51528721559024593 8.6868686868686869
 0.50697887970615241 8.6060606060606055
 0.49883787368635851 8.525252525252526
 0.49086419753086424 8.4444444444444429
 0.48305785123966938 8.3636363636363633
 0.47541883481277414 8.282828282828282
 0.46794714825017852 8.2020202020202024
 0.46064279155188242 8.1212121212121211
 0.45350576471788584 8.040404040404038
 0.44653606774818899 7.9595959595959602
 0.43973370064279155 7.878787878787878
 0.43309866340169378 7.7979797979797993
 0.42663095602489548 7.717171717171718
 0.42033057851239675 7.6363636363636376
 0.41419753086419753 7.5555555555555554
 0.40823181308029788 7.474747474747474
 0.40243342516069797 7.3939393939393954
 0.39680236710539751 7.313131313131314
 0.39133863891439646 7.2323232323232327
 0.38604224058769515 7.1515151515151523
 0.38091317212529335 7.0707070707070701
 0.37595143352719107 6.9898989898989896
 0.37115702479338852 6.9090909090909101
 0.36652994592388533 6.8282828282828278
 0.36207019691868181 6.7474747474747474
 0.35777777777777786 6.6666666666666679
 0.35365268850117337 6.5858585858585865
 0.34969492908886851 6.5050505050505052
 0.34590449954086322 6.4242424242424239
 0.34228139985715739 6.3434343434343425
 0.33882563003775129 6.262626262626263
 0.3355371900826446 6.1818181818181808
 0.33241607999183753 6.1010101010101003
 0.32946229976533009 6.0202020202020208
 0.32667584940312211 5.9393939393939394
 0.32405672890521375 5.8585858585858581
 0.32160493827160497 5.7777777777777786
 0.3193204775022957 5.6969696969696972
 0.317203346597286 5.6161616161616159
 0.31525354555657592 5.5353535353535364
 0.3134710743801653 5.454545454545455
 0.31185593306805426 5.3737373737373737
 0.31040812162024278 5.2929292929292924
 0.30912764003673099 5.2121212121212128
 0.30801448831751865 5.1313131313131315
 0.30706866646260589 5.0505050505050502
 0.30629017447199264 4.9696969696969688
 0.30567901234567901 4.8888888888888893
 0.3052351800836649 4.808080808080808
 0.30495867768595042 4.7272727272727266
 0.30484950515253545 4.6464646464646471
 0.30490766248342005 4.5656565656565657
 0.30513314967860422 4.4848484848484844
 0.30552596673808796 4.4040404040404049
 0.30608611366187122 4.3232323232323235
 0.30681359044995404 4.2424242424242422
 0.30770839710233655 4.1616161616161609
 0.30877053361901841 4.0808080808080813
 0.31 4


