# Created by Octave 6.4.0, Mon Nov 15 21:10:42 2021 -03 <simon@simon-notebook>
# name: valores_k
# type: matrix
# rows: 10
# columns: 2
 0.5 -0.0030000000000000001
 0.61111111111111116 -0.0025098765432098762
 0.72222222222222221 -0.0020839506172839507
 0.83333333333333326 -0.0017222222222222224
 0.94444444444444442 -0.0014246913580246916
 1.0555555555555556 -0.0011913580246913581
 1.1666666666666667 -0.0010222222222222221
 1.2777777777777777 -0.00091728395061728397
 1.3888888888888888 -0.00087654320987654315
 1.5 -0.00089999999999999998


