# Created by Octave 6.4.0, Sun Nov 14 21:54:15 2021 -03 <simon@simon-notebook>
# name: ans
# type: matrix
# rows: 100
# columns: 3
 0.5 1 12
 0.51010101010101006 0.98483113967962466 11.91919191919192
 0.52020202020202022 0.96982960922354855 11.838383838383839
 0.53030303030303028 0.95499540863177235 11.757575757575758
 0.54040404040404044 0.94032853790429538 11.676767676767675
 0.5505050505050505 0.92582899704111832 11.595959595959599
 0.56060606060606055 0.91149678604224071 11.515151515151517
 0.57070707070707072 0.89733190490766257 11.434343434343434
 0.58080808080808077 0.883334353637384 11.353535353535355
 0.59090909090909094 0.86950413223140499 11.272727272727275
 0.60101010101010099 0.85584124068972556 11.191919191919192
 0.61111111111111116 0.84234567901234558 11.111111111111111
 0.62121212121212122 0.8290174471992654 11.030303030303029
 0.63131313131313127 0.81585654525048468 10.94949494949495
 0.64141414141414144 0.80286297316600341 10.868686868686869
 0.65151515151515149 0.79003673094582194 10.787878787878789
 0.66161616161616166 0.77737781858993982 10.707070707070708
 0.67171717171717171 0.76488623609835737 10.626262626262626
 0.68181818181818188 0.75256198347107428 10.545454545454543
 0.69191919191919193 0.74040506070809098 10.464646464646465
 0.70202020202020199 0.72841546780940725 10.383838383838384
 0.71212121212121215 0.71659320477502297 10.303030303030301
 0.72222222222222221 0.70493827160493827 10.222222222222221
 0.73232323232323238 0.69345066829915303 10.141414141414142
 0.74242424242424243 0.68213039485766747 10.060606060606061
 0.7525252525252526 0.67097745128048158 9.9797979797979792
 0.76262626262626265 0.65999183756759505 9.8989898989898997
 0.77272727272727271 0.64917355371900842 9.8181818181818201
 0.78282828282828287 0.63852259973472081 9.737373737373737
 0.79292929292929293 0.62803897561473321 9.6565656565656575
 0.80303030303030298 0.61772268135904518 9.5757575757575761
 0.81313131313131315 0.60757371696765639 9.4949494949494948
 0.82323232323232332 0.59759208244056716 9.4141414141414135
 0.83333333333333337 0.58777777777777773 9.3333333333333339
 0.84343434343434343 0.57813080297928787 9.2525252525252526
 0.85353535353535359 0.56865115804509736 9.1717171717171695
 0.86363636363636365 0.55933884297520653 9.0909090909090899
 0.8737373737373737 0.55019385776961538 9.0101010101010104
 0.88383838383838387 0.54121620242832358 8.9292929292929291
 0.89393939393939403 0.53240587695133146 8.8484848484848477
 0.90404040404040409 0.52376288133863891 8.7676767676767664
 0.91414141414141414 0.51528721559024593 8.6868686868686869
 0.92424242424242431 0.50697887970615241 8.6060606060606055
 0.93434343434343436 0.49883787368635851 8.525252525252526
 0.94444444444444442 0.49086419753086424 8.4444444444444429
 0.95454545454545459 0.48305785123966938 8.3636363636363633
 0.96464646464646475 0.47541883481277414 8.282828282828282
 0.97474747474747481 0.46794714825017852 8.2020202020202024
 0.98484848484848486 0.46064279155188242 8.1212121212121211
 0.99494949494949503 0.45350576471788584 8.040404040404038
 1.005050505050505 0.44653606774818899 7.9595959595959602
 1.0151515151515151 0.43973370064279155 7.878787878787878
 1.0252525252525251 0.43309866340169378 7.7979797979797993
 1.0353535353535352 0.42663095602489548 7.717171717171718
 1.0454545454545454 0.42033057851239675 7.6363636363636376
 1.0555555555555556 0.41419753086419753 7.5555555555555554
 1.0656565656565657 0.40823181308029788 7.474747474747474
 1.0757575757575757 0.40243342516069797 7.3939393939393954
 1.0858585858585859 0.39680236710539751 7.313131313131314
 1.095959595959596 0.39133863891439646 7.2323232323232327
 1.106060606060606 0.38604224058769515 7.1515151515151523
 1.1161616161616161 0.38091317212529335 7.0707070707070701
 1.1262626262626263 0.37595143352719107 6.9898989898989896
 1.1363636363636362 0.37115702479338852 6.9090909090909101
 1.1464646464646464 0.36652994592388533 6.8282828282828278
 1.1565656565656566 0.36207019691868181 6.7474747474747474
 1.1666666666666665 0.35777777777777786 6.6666666666666679
 1.1767676767676767 0.35365268850117337 6.5858585858585865
 1.1868686868686869 0.34969492908886851 6.5050505050505052
 1.196969696969697 0.34590449954086322 6.4242424242424239
 1.2070707070707072 0.34228139985715739 6.3434343434343425
 1.2171717171717171 0.33882563003775129 6.262626262626263
 1.2272727272727273 0.3355371900826446 6.1818181818181808
 1.2373737373737375 0.33241607999183753 6.1010101010101003
 1.2474747474747474 0.32946229976533009 6.0202020202020208
 1.2575757575757576 0.32667584940312211 5.9393939393939394
 1.2676767676767677 0.32405672890521375 5.8585858585858581
 1.2777777777777777 0.32160493827160497 5.7777777777777786
 1.2878787878787878 0.3193204775022957 5.6969696969696972
 1.297979797979798 0.317203346597286 5.6161616161616159
 1.308080808080808 0.31525354555657592 5.5353535353535364
 1.3181818181818181 0.3134710743801653 5.454545454545455
 1.3282828282828283 0.31185593306805426 5.3737373737373737
 1.3383838383838385 0.31040812162024278 5.2929292929292924
 1.3484848484848484 0.30912764003673099 5.2121212121212128
 1.3585858585858586 0.30801448831751865 5.1313131313131315
 1.3686868686868687 0.30706866646260589 5.0505050505050502
 1.3787878787878789 0.30629017447199264 4.9696969696969688
 1.3888888888888888 0.30567901234567901 4.8888888888888893
 1.398989898989899 0.3052351800836649 4.808080808080808
 1.4090909090909092 0.30495867768595042 4.7272727272727266
 1.4191919191919191 0.30484950515253545 4.6464646464646471
 1.4292929292929293 0.30490766248342005 4.5656565656565657
 1.4393939393939394 0.30513314967860422 4.4848484848484844
 1.4494949494949494 0.30552596673808796 4.4040404040404049
 1.4595959595959596 0.30608611366187122 4.3232323232323235
 1.4696969696969697 0.30681359044995404 4.2424242424242422
 1.4797979797979799 0.30770839710233655 4.1616161616161609
 1.4898989898989898 0.30877053361901841 4.0808080808080813
 1.5 0.31 4


# name: g
# type: scalar
2


# name: h
# type: scalar
1


# name: mediciones_DT
# type: matrix
# rows: 3
# columns: 2
 0.5 12
 1 8
 1.5 4


# name: mediciones_pendiente
# type: matrix
# rows: 3
# columns: 2
 0.5 1
 1 0.45000000000000001
 1.5 0.31


